##########################################################
The format of the table is: 
                          
"M(GeV) Tw(GeV) BR(ZZ) BR(WW) BR(hh) BR(gamgam) BR(tt) BR(bb) BR(cc) BR(light)"

where "light" stand to light fermions

if you want the Total Width (TW) using a ktilda' you do

TW(ktilda',GeV) = TW(ktilda=0.1,GeV) * (ktilda' / 0.1)^2
##################################################################
100 0.748326 0. 0. 0. 4.57641 36.6113 0. 2.24464 0.762675 2.2882
200 1.89422 0.892865 2.17778 0. 0.903972 7.23178 0. 0.449826 0.150659 0.451986
300 2.88595 0.486968 0.955099 0.00170118 0.395554 3.16443 0. 0.197356 0.065925 0.197777
400 3.82386 0.263785 0.518601 0.00540859 0.2239 1.7912 0.00621895 0.111816 0.0373164 0.11195
500 4.78769 0.16392 0.323882 0.00580753 0.14306 1.14448 0.0175418 0.0714754 0.0238433 0.0715302
600 5.76195 0.111652 0.221356 0.00512477 0.0990591 0.792473 0.0205196 0.0495032 0.0165098 0.0495295
700 6.7393 0.0809883 0.160917 0.00430102 0.0725942 0.580754 0.0196464 0.0362829 0.012099 0.0362971
800 7.71727 0.0614668 0.122311 0.00357528 0.0554704 0.443763 0.017593 0.0277269 0.00924506 0.0277352
900 8.69504 0.0482664 0.096144 0.00298357 0.0437624 0.350099 0.015385 0.021876 0.00729373 0.0218812
1000 9.67235 0.038919 0.0775829 0.00251091 0.0354065 0.283252 0.0133636 0.0176999 0.00590108 0.0177033
1100 10.6492 0.0320551 0.063936 0.00213375 0.0292353 0.233882 0.0116144 0.0146153 0.00487254 0.0146176
1200 11.6255 0.0268647 0.0536064 0.0018309 0.0245483 0.196387 0.0101325 0.0122725 0.00409139 0.0122742
1300 12.6014 0.0228435 0.0455979 0.00158546 0.0209051 0.167241 0.00888571 0.0104514 0.00348418 0.0104525
1400 13.577 0.0196644 0.0392625 0.00138457 0.018017 0.144136 0.00783658 0.00900763 0.00300284 0.00900851
1500 14.5523 0.017107 0.0341638 0.0012185 0.0156889 0.125511 0.00695084 0.00784379 0.00261482 0.00784446
1600 15.5273 0.015019 0.0299992 0.0010799 0.0137848 0.110278 0.00619936 0.00689188 0.00229746 0.00689239
1700 16.502 0.0132919 0.0265534 0.000963184 0.0122076 0.0976604 0.0055582 0.00610337 0.00203459 0.00610378
1800 17.4766 0.011847 0.0236697 0.000864083 0.0108864 0.0870915 0.00500796 0.00544289 0.0018144 0.00544322
1900 18.451 0.0106258 0.0212321 0.000779289 0.00976881 0.0781505 0.00453299 0.00488414 0.00162813 0.0048844
2000 19.4253 0.00958448 0.0191531 0.000706218 0.00881492 0.0705194 0.00412067 0.00440725 0.00146915 0.00440746
2100 20.3994 0.00868924 0.0173654 0.000642836 0.00799427 0.0639542 0.00376079 0.00399696 0.00133238 0.00399714
2200 21.3734 0.00791397 0.0158171 0.000587525 0.00728315 0.0582652 0.00344507 0.00364143 0.00121386 0.00364158
2300 22.3473 0.00723813 0.0144672 0.000538986 0.00666289 0.0533031 0.00316674 0.00333132 0.00111048 0.00333145
2400 23.3211 0.00664539 0.0132831 0.000496168 0.00611864 0.0489491 0.00292025 0.00305922 0.00101977 0.00305932
2500 24.2948 0.00612266 0.0122388 0.000458214 0.00563847 0.0451078 0.002701 0.00281915 0.000939745 0.00281924
2600 25.2685 0.00565933 0.0113131 0.00042442 0.0052127 0.0417016 0.00250519 0.00260627 0.000868783 0.00260635
2700 26.2421 0.00524671 0.0104886 0.000394206 0.0048334 0.0386672 0.00232965 0.00241664 0.000805567 0.0024167
2800 27.2156 0.00487766 0.00975119 0.000367086 0.00449406 0.0359525 0.00217171 0.00224697 0.00074901 0.00224703
2900 28.1891 0.00454625 0.00908892 0.000342654 0.00418924 0.0335139 0.00202913 0.00209457 0.000698207 0.00209462
3000 29.1626 0.00424753 0.00849193 0.000320568 0.00391443 0.0313154 0.00189999 0.00195717 0.000652404 0.00195721
3100 30.136 0.00397733 0.00795192 0.00030054 0.0036658 0.0293264 0.00178268 0.00183286 0.000610966 0.0018329
3200 31.1093 0.00373214 0.00746185 0.000282323 0.00344013 0.027521 0.00167582 0.00172003 0.000573355 0.00172006
3300 32.0827 0.00350895 0.00701575 0.000265705 0.00323468 0.0258774 0.0015782 0.00161731 0.000539113 0.00161734
3400 33.056 0.00330521 0.00660852 0.000250507 0.0030471 0.0243768 0.0014888 0.00152352 0.00050785 0.00152355
3500 34.0292 0.00311872 0.00623575 0.00023657 0.00287538 0.023003 0.00140674 0.00143767 0.00047923 0.00143769
3600 35.0025 0.00294759 0.00589367 0.000223761 0.00271778 0.0217422 0.00133123 0.00135887 0.000452963 0.00135889
3700 35.9757 0.00279017 0.00557899 0.000211961 0.00257279 0.0205823 0.0012616 0.00128638 0.000428799 0.0012864
3800 36.9489 0.00264505 0.00528887 0.000201067 0.00243911 0.0195128 0.00119726 0.00121954 0.000406518 0.00121955
3900 37.922 0.00251096 0.00502082 0.000190988 0.00231558 0.0185246 0.00113769 0.00115777 0.000385929 0.00115779
4000 38.8952 0.00238682 0.00477264 0.000181647 0.0022012 0.0176096 0.00108243 0.00110059 0.000366867 0.0011006
